41008
60728
39248
10320
10320
10400
10400
39280
39280
9920
10160
63504
45904
10560
10640
60728
45904
10560
10480
46832
10720
10400
47920
10880
10640
11040
10800
46768
10560
10480
45904
45904
19680
19680
19680
19680
19680
19680
45936
45936
45936
45872
19680
10720
10400
45904
45904
19680
19680
19680
19680
19680
19680
45936
45936
45936
45872
19680
10880
10640
19680
19680
19680
19680
19680
63936
19680
11040
10800
19680
19680
19680
19680
19680
19680
19680
54104
48040
10560
11600
10640
46768
46768
51464
46768
46768
61648
11680
46768
46768
61568
46800
61568
46832
61568
46800
46768
61568
46800
61568
46832
61568
46832
46768
61568
46800
61568
46832
61568
61728
61728
61648
61568
61808
11600
61728
61648
11680
61888
61968
46320
46320
11864
46320
46320
62048
61808
46768
46768
62128
46800
62128
46800
46768
62128
46800
62128
62288
62288
61808
62288
62048
62368
61888
62288
46320
46320
61992
46320
46320
62928
61808
46320
46320
62848
46352
62848
46384
62848
46352
46320
62848
46352
62848
46384
62848
46384
46320
62848
46352
62848
46384
62848
63008
63008
61808
62848
63088
62368
63008
61808
62928
63168
63248
46096
46096
62152
46096
46096
63328
63088
46320
46320
63408
46352
63408
46352
46320
63408
46352
63408
63568
63568
63328
63568
63088
63648
63168
63568
63272
62848
62848
63728
63408
55176
63728
63728
63808
10640
45936
63088
63968
63888
64048
45936
49072
19728
49072
63576
49072
63808
64128
64208
63808
63968
64128
64288
63968
64368
63088
46000
64448
64688
46096
46096
64768
64528
46320
46320
64848
46352
64848
46352
46320
64848
46352
64848
64848
64368
64848
64688
64368
64608
63088
64768
46320
46320
64928
64448
46320
46320
65008
46352
65008
46384
65008
46352
46320
65008
46352
65008
46384
65008
46384
46320
65008
46352
65008
46384
65008
65008
64848
46000
64528
64128
46320
46320
64928
64768
46768
46768
65088
46800
65088
46800
46768
65088
46800
65088
65088
65008
65088
64128
64528
64688
64848
64928
46768
46768
65168
65008
46768
46768
65248
46800
65248
46832
65248
46800
46768
65248
46800
65248
46832
65248
46832
46768
65248
46800
65248
46832
65248
65248
10352
46768
46768
62152
46768
46768
17632
65248
46768
46768
17552
46800
17552
46832
17552
46800
46768
17552
46800
17552
46832
17552
46832
46768
17552
46800
17552
46832
17552
17712
17712
17632
17552
17792
11600
17712
17632
61648
11680
61728
46320
46320
17096
46320
46320
61488
61728
46768
46768
17552
46800
17552
46800
46768
17552
46800
17552
17952
17952
61488
61728
17952
18032
11680
61728
46320
46320
65272
46320
46320
18432
61488
46320
46320
18352
46352
18352
46384
18352
46352
46320
18352
46352
18352
46384
18352
46384
46320
18352
46352
18352
46384
18352
18512
18512
18432
18352
18592
18032
18512
18432
61808
62928
63008
46096
46096
62632
46096
46096
62048
63008
46320
46320
61488
46352
61488
46352
46320
61488
46352
61488
61488
61488
62048
61488
63008
18672
62928
61488
62392
63568
63568
63328
63168
48072
63328
63328
63648
10640
45936
63728
62848
63008
61568
45936
49072
19632
49072
63600
63600
45904
27080
63456
63552
62848
63648
10560
46768
46768
62632
46768
46768
19072
63888
46768
46768
18992
46800
18992
46832
18992
46800
46768
18992
46800
18992
46832
18992
46832
46768
18992
46800
18992
46832
18992
19152
19152
19072
18992
19232
63648
19152
19072
11600
61648
63888
46320
46320
63752
46320
46320
17632
63888
46768
46768
17712
46800
17712
46800
46768
17712
46800
17712
19312
19312
63888
19312
17632
19392
61648
19312
46320
46320
19016
46320
46320
19792
63888
46320
46320
19712
46352
19712
46384
19712
46352
46320
19712
46352
19712
46384
19712
46384
46320
19712
46352
19712
46384
19712
19872
19872
19792
19712
19952
19392
19872
19792
63888
61808
18432
46096
46096
11704
46096
46096
18512
19952
46320
46320
17792
46352
17792
46352
46320
17792
46352
17792
17952
17952
18512
17952
17792
19952
61808
17952
63272
62928
62928
62048
17792
51336
62048
62048
63408
10560
45936
10640
63568
63328
10640
45936
49072
19568
49072
63648
49072
63408
63568
61568
63408
19952
19952
18512
63568
19712
63008
46000
20032
20272
46096
46096
20352
20112
46320
46320
28720
46352
28720
46352
46320
28720
46352
28720
28720
63008
28720
19952
63008
20032
20192
20352
46320
46320
28800
20272
46320
46320
28880
46352
28880
46384
28880
46352
46320
28880
46352
28880
46384
28880
46384
46320
28880
46352
28880
46384
28880
28880
20112
46000
20352
19952
46320
46320
28800
28720
46768
46768
28960
46800
28960
46800
46768
28960
46800
28960
28960
20272
28960
20352
20272
20112
28880
28800
46768
46768
29040
19712
46768
46768
29120
46800
29120
46832
29120
46800
46768
29120
46800
29120
46832
29120
46832
46768
29120
46800
29120
46832
29120
29120
36296
46768
46768
62392
46768
46768
64688
64208
46768
46768
64848
46800
64848
46832
64848
46800
46768
64848
46800
64848
46832
64848
46832
46768
64848
46800
64848
46832
64848
19712
19712
64208
64848
20352
63648
19712
64208
64688
11600
19072
46320
46320
63992
46320
46320
19152
64848
46768
46768
18672
46800
18672
46800
46768
18672
46800
18672
29120
29120
64848
19152
18672
28720
11600
19152
46320
46320
19096
46320
46320
29280
20352
46320
46320
29200
46352
29200
46384
29200
46352
46320
29200
46352
29200
46384
29200
46384
46320
29200
46352
29200
46384
29200
29360
29360
29280
29200
29440
28720
29360
29280
19792
63888
19232
46096
46096
64872
46096
46096
17632
19232
46320
46320
20352
46352
20352
46352
46320
20352
46352
20352
29200
29200
17632
19232
20352
29520
63888
19232
19416
19872
19872
62928
61488
51272
20352
20352
62048
10560
45936
17952
62928
63168
61808
45936
49072
19696
49072
63672
63672
45936
62928
62048
62848
46768
46768
63992
46768
46768
29920
63328
46768
46768
29840
46800
29840
46832
29840
46800
46768
29840
46800
29840
46832
29840
46832
46768
29840
46800
29840
46832
29840
30000
30000
29920
29840
30080
62048
30000
29920
19712
64688
64208
46320
46320
63272
46320
46320
63328
64208
46768
46768
63808
46800
63808
46800
46768
63808
46800
63808
30160
30160
63328
64208
63808
30240
64688
64208
46320
46320
63672
46320
46320
30640
63328
46320
46320
30560
46352
30560
46384
30560
46352
46320
30560
46352
30560
46384
30560
46384
46320
30560
46352
30560
46384
30560
30720
30720
30640
30560
30880
30240
30720
30640
18672
19792
63328
46096
46096
63672
46096
46096
29280
63328
46320
46320
29360
46352
29360
46352
46320
29360
46352
29360
28720
28720
63328
28720
29280
30800
19792
28720
11624
63328
63328
17632
30800
51336
17632
17632
17792
62848
45936
10560
61488
20352
63888
45936
49072
19632
49072
63648
49072
17792
63168
61488
17792
61808
63168
29280
61808
30880
10560
46000
29360
31120
46096
46096
31200
31040
46320
46320
31280
46352
31280
46352
46320
31280
46352
31280
31280
63168
31280
30880
63168
29360
30960
31200
46320
46320
31360
31120
46320
46320
31440
46352
31440
46384
31440
46352
46320
31440
46352
31440
46384
31440
46384
46320
31440
46352
31440
46384
31440
31440
10560
46000
31280
30880
46320
46320
31360
31040
46768
46768
31520
46800
31520
46800
46768
31520
46800
31520
31520
10560
31520
31120
10560
31280
31200
31360
46768
46768
31600
30880
46768
46768
31680
46800
31680
46832
31680
46800
46768
31680
46800
31680
46832
31680
46832
46768
31680
46800
31680
46832
31680
31680
62880
46768
46768
29144
46768
46768
28880
61568
46768
46768
20112
46800
20112
46832
20112
46800
46768
20112
46800
20112
46832
20112
46832
46768
20112
46800
20112
46832
20112
31680
31680
20112
28880
30880
62048
31680
20112
61568
19712
29920
46320
46320
63592
46320
46320
30000
29920
46768
46768
29520
46800
29520
46800
46768
29520
46800
29520
31040
31040
30000
31040
29920
31360
19712
31040
46320
46320
28904
46320
46320
31840
64208
46320
46320
31760
46352
31760
46384
31760
46352
46320
31760
46352
31760
46384
31760
46384
46320
31760
46352
31760
46384
31760
31920
31920
31840
31760
32000
31360
31920
31840
63808
18672
64208
46096
46096
19416
46096
46096
30640
64208
46320
46320
30720
46352
30720
46352
46320
30720
46352
30720
30240
30240
64208
30240
30640
32080
18672
30240
31784
19792
19792
19232
30640
55176
63328
63328
19872
62848
45936
17632
32080
19232
17632
45936
49072
19600
49072
63696
63696
45968
63888
19872
62928
46768
46768
19416
46768
46768
32480
20352
46768
46768
32400
46800
32400
46832
32400
46800
46768
32400
46800
32400
46832
32400
46832
46768
32400
46800
32400
46832
32400
32560
32560
32480
32400
32640
19872
32560
32480
31680
61568
62048
46320
46320
32024
46320
46320
32400
18512
46768
46768
32640
46800
32640
46800
46768
32640
46800
32640
20528
20528
18512
32400
32640
20608
61568
32400
46320
46320
19416
46320
46320
21008
31040
46320
46320
20928
46352
20928
46384
20928
46352
46320
20928
46352
20928
46384
20928
46384
46320
20928
46352
20928
46384
20528
20928
20928
21008
20528
21168
20608
20928
21008
31840
63808
31920
46096
46096
20136
46096
46096
29920
31920
46320
46320
31040
46352
31040
46352
46320
31040
46352
31040
20528
20528
29920
31920
20528
21248
63808
31920
62072
29920
29920
64208
30240
51272
64208
64208
30800
62928
45936
62848
30640
63328
62848
45936
49072
20048
49072
63672
49072
19232
30800
30000
19232
30640
30800
31040
30640
21248
17632
46000
20528
21488
46096
46096
21568
21328
46320
46320
21648
46352
21648
46352
46320
21648
46352
21648
21648
30800
21648
21248
30800
20528
21408
21568
46320
46320
21728
21488
46320
46320
21808
46352
21808
46384
21808
46352
46320
21808
46352
21808
46384
21808
46384
46320
21808
46352
21808
46384
21808
21808
17632
46000
21648
21248
46320
46320
21728
21328
46768
46768
21888
46800
21888
46800
46768
21888
46800
21888
21888
17632
21888
21488
21248
21648
21568
21728
46768
46768
21968
17632
46768
46768
22048
46800
22048
46832
22048
46800
46768
22048
46800
22048
46832
22048
46832
46768
22048
46800
22048
46832
22048
22048
20552
46768
46768
31784
46768
46768
17792
61808
46768
46768
31280
46800
31280
46832
31280
46800
46768
31280
46800
31280
46832
31280
46832
46768
31280
46800
31280
46832
31280
17632
17632
61808
31280
22048
19872
17632
61808
32480
31680
32560
46320
46320
63192
46320
46320
17792
31280
46768
46768
32560
46800
32560
46800
46768
32560
46800
32560
21328
21328
17792
31280
32560
21728
31680
31280
46320
46320
32104
46320
46320
22208
17792
46320
46320
22128
46352
22128
46384
22128
46352
46320
22128
46352
22128
46384
22128
46384
46320
22128
46352
22128
46384
22128
22288
22288
22208
22128
22368
21728
22288
22208
32640
31840
17792
46096
46096
31384
46096
46096
21008
17792
46320
46320
20928
46352
20928
46352
46320
20928
46352
20928
20608
20608
17792
20608
21008
22448
31840
20608
61592
31920
31920
18672
22448
52360
18672
18672
29920
62928
45936
19792
63808
64208
19792
45936
49072
20048
49072
63648
63648
46000
63808
63888
29920
46768
46768
62072
46768
46768
22848
63328
46768
46768
22768
46800
22768
46832
22768
46800
46768
22768
46800
22768
46832
22768
46832
46768
22768
46800
22768
46832
22768
22928
22928
22848
22768
23008
63888
22928
22848
29280
32480
17632
46320
46320
22152
46320
46320
63328
17632
46768
46768
19872
46800
19872
46800
46768
19872
46800
19872
23088
23088
63328
17632
19872
23168
32480
17632
46320
46320
61832
46320
46320
23568
63328
46320
46320
23488
46352
23488
46384
23488
46352
46320
23488
46352
23488
46384
23008
46384
46320
23008
46352
23008
46384
23008
23488
23488
23568
23008
23728
23168
23488
23568
32560
32640
63328
46096
46096
31704
46096
46096
22208
63328
46320
46320
22288
46352
22288
46352
46320
22288
46352
22288
21728
21728
63328
21728
22208
23808
32640
21728
62872
31840
31840
17792
22208
53128
17792
17792
30240
29920
45936
62928
22448
18672
62928
45936
49072
19696
49072
63696
49072
30240
19792
23808
30240
22448
22448
23728
19792
20608
64208
46000
22288
24048
46096
46096
24128
23888
46320
46320
24208
46352
24208
46352
46320
24208
46352
24208
24208
64208
24208
22448
24048
22288
23968
24128
46320
46320
24288
64208
46320
46320
24368
46352
24368
46384
24368
46352
46320
24368
46352
24368
46384
24368
46384
46320
24368
46352
24368
46384
24368
24368
24208
46000
23888
20608
46320
46320
24288
24128
46768
46768
24448
46800
24448
46800
46768
24448
46800
24448
24448
64208
24448
20608
64208
22448
24208
24288
46768
46768
32816
23888
46768
46768
32896
46800
32896
46832
32896
46800
46768
32896
46800
32896
46832
32896
46832
46768
32896
46800
32896
46832
32896
32896
27384
46768
46768
61592
46768
46768
21648
19232
46768
46768
21568
46800
21568
46832
21568
46800
46768
21568
46800
21568
46832
21568
46832
46768
21568
46800
21568
46832
21568
23888
23888
21648
21568
24128
63888
23888
21648
19232
29280
22848
46320
46320
30664
46320
46320
22928
24128
46768
46768
21008
46800
21008
46800
46768
21008
46800
21008
24288
24288
22928
24288
24128
24368
29280
24288
46320
46320
22872
46320
46320
33056
17632
46320
46320
32976
46352
32976
46384
32976
46352
46320
32976
46352
32976
46384
32976
46384
46320
32976
46352
32976
46384
32976
33136
33136
33056
32976
33216
24368
33136
33056
23568
32560
23488
46096
46096
32504
46096
46096
23648
23488
46320
46320
17632
46352
17632
46352
46320
17632
46352
17632
32976
32976
23648
23488
17632
33296
32560
23488
23192
23648
23648
21728
32640
51976
21728
21728
17792
29920
45936
22208
31920
17632
31840
45936
49072
20048
49072
63672
63672
46032
31920
18672
17792
46768
46768
62872
46768
46768
33696
63808
46768
46768
33616
46800
33616
46832
33616
46800
46768
33616
46800
33616
46832
33616
46832
46768
33616
46800
33616
46832
33616
33776
33776
33696
33616
33856
18672
33776
33696
21648
19232
23888
46320
46320
22232
46320
46320
63808
20528
46768
46768
23888
46800
23888
46800
46768
23888
46800
23888
33936
33936
63808
20528
23888
34016
19232
20528
46320
46320
22232
46320
46320
34416
63808
46320
46320
34336
46352
34336
46384
34336
46352
46320
34336
46352
34336
46384
34336
46384
46320
34336
46352
34336
46384
34336
34496
34496
34416
34336
34576
34016
34496
34416
24368
23568
24128
46096
46096
29304
46096
46096
34336
33056
46320
46320
24128
46352
24128
46352
46320
24128
46352
24128
32896
32896
24128
32896
34336
34656
23568
32896
63912
23488
23488
19872
34656
53128
19872
19872
63328
17792
45936
21728
32640
29920
32560
45936
49072
19632
49072
63648
49072
63328
32640
21728
63328
17632
32640
34336
17632
34576
31840
46000
33056
34896
46096
46096
34976
34736
46320
46320
35056
46352
35056
46352
46320
35056
46352
35056
35056
32640
35056
34576
32640
33056
34816
34976
46320
46320
35136
34896
46320
46320
35216
46352
35216
46384
35216
46352
46320
35216
46352
35216
46384
35216
46384
46320
35216
46352
35216
46384
35216
35216
31840
46000
35056
34576
46320
46320
35136
34736
46768
46768
35296
46800
35296
46800
46768
35296
46800
35296
35296
31840
35296
34896
31840
35056
34976
35136
46768
46768
35376
34576
46768
46768
35456
46800
35456
46832
35456
46800
46768
35456
46800
35456
46832
35456
46832
46768
35456
46800
35456
46832
35456
35456
49872
46768
46768
33160
46768
46768
22448
19792
46768
46768
24208
46800
24208
46832
24208
46800
46768
24208
46800
24208
46832
24208
46832
46768
24208
46800
24208
46832
24208
35456
35456
22448
24208
34576
18672
35456
22448
19792
21648
33696
46320
46320
64232
46320
46320
33776
24208
46768
46768
33296
46800
33296
46800
46768
33296
46800
33296
34736
34736
24208
34736
33776
34896
21648
34736
46320
46320
33720
46320
46320
35616
24208
46320
46320
35536
46352
35536
46384
35536
46352
46320
35536
46352
35536
46384
35536
46384
46320
35536
46352
35536
46384
35536
35696
35696
35616
35536
35776
34896
35696
35616
23888
24368
24208
46096
46096
19256
46096
46096
34416
24208
46320
46320
34496
46352
34496
46352
46320
34496
46352
34496
34016
34016
24208
34016
34416
35856
24368
34016
35560
23568
23568
24128
34416
50824
24128
24128
23648
17792
45936
19872
35856
34656
19872
45936
49072
19600
49072
63696
63696
46064
32560
31920
23648
46768
46768
23192
46768
46768
36256
29920
46768
46768
36176
46800
36176
46832
36176
46800
46768
36176
46800
36336
46832
36336
46832
46768
36336
46800
36336
46832
36336
35856
35856
36256
36336
36416
31920
35856
36256
22448
23808
19792
46320
46320
63912
46320
46320
18672
19792
46768
46768
36336
46800
36336
46800
46768
36336
46800
36336
36496
36496
18672
19792
36496
36576
23808
19792
46320
46320
35800
46320
46320
37072
18672
46320
46320
36992
46352
36992
46384
36992
46352
46320
36992
46352
36992
46384
36992
46384
46320
36992
46352
36992
46384
36992
37152
37152
37072
36992
37232
36576
37152
37072
35616
23888
35696
46096
46096
21672
46096
46096
18672
35696
46320
46320
33776
46352
33776
46352
46320
33776
46352
33776
36992
36992
18672
35696
33776
37312
23888
35696
34920
34576
34576
23568
24208
51272
33776
33776
24128
23648
45936
17792
23488
34016
17792
45936
49072
19760
49072
63672
49072
34656
24128
23568
34656
23488
24128
24368
23488
37312
19872
46000
36992
37552
46096
46096
37632
37392
46320
46320
37712
46352
37712
46352
46320
37712
46352
37712
37712
24128
37712
37312
24128
36992
37632
37472
46320
46320
37792
37552
46320
46320
37872
46352
37872
46384
37872
46352
46320
37872
46352
37872
46384
37872
46384
46320
37872
46352
37872
46384
37872
37872
19872
46000
37712
37312
46320
46320
37792
37392
46768
46768
37952
46800
37952
46800
46768
37952
46800
37952
38032
19872
38032
37552
19872
37712
37472
37952
46768
46768
37792
37312
46768
46768
38112
46800
38112
46832
38112
46800
46768
38112
46800
38112
46832
38112
46832
46768
38112
46800
38112
46832
38112
38112
20552
46768
46768
29944
46768
46768
35056
21728
46768
46768
34976
46800
34976
46832
34976
46800
46768
34976
46800
34976
46832
34976
46832
46768
34976
46800
34976
46832
34976
38112
38112
35056
34976
37312
31920
38112
35056
36256
35856
36176
46320
46320
17656
46320
46320
21728
34976
46768
46768
36176
46800
36176
46800
46768
36176
46800
36176
37392
37392
21728
34976
36176
37952
35856
34976
46320
46320
22472
46320
46320
38272
19792
46320
46320
38192
46352
38192
46384
38192
46352
46320
38192
46352
38192
46384
38192
46384
46320
38192
46352
38192
46384
38192
38352
38352
38272
38192
38432
37952
38352
38272
36576
35616
36496
46096
46096
37256
46096
46096
38192
36496
46320
46320
37072
46352
37072
46352
46320
37072
46352
37072
36912
36912
36496
36912
38192
38512
35616
36912
19816
35696
35696
18672
38512
51976
18672
18672
34416
23648
45936
33776
23888
24208
33776
45936
49072
19632
49072
63648
63648
46096
23888
34416
32560
46768
46768
23832
46768
46768
38912
34016
46768
46768
38832
46800
38832
46832
38832
46800
46768
38832
46800
38832
46832
38832
46832
46768
38832
46800
38832
46832
38832
38992
38992
38912
38832
39072
34416
38992
38912
31920
36256
35056
46320
46320
34920
46320
46320
34816
35056
46768
46768
38832
46800
38832
46800
46768
38832
46800
38832
39152
39152
34816
35056
39152
39312
36256
35056
46320
46320
17816
46320
46320
39632
34816
46320
46320
39552
46352
39552
46384
39552
46352
46320
39552
46352
39552
46384
39552
46384
46320
39552
46352
39552
46384
39552
39712
39712
39632
39552
39792
39312
39712
39632
36176
36576
34816
46096
46096
35880
46096
46096
38272
34816
46320
46320
38352
46352
38352
46352
46320
38352
46352
38352
37952
37952
34816
37952
38272
39872
36576
37952
39576
35616
35616
36496
38272
53128
36496
36496
34576
32560
45936
23648
38512
18672
23648
45936
49072
19568
49072
63696
49072
24208
33776
39872
24208
38512
38512
39792
33776
36912
34576
46000
38352
40112
46096
46096
40192
39952
46320
46320
40272
46352
40272
46352
46320
40272
46352
40272
40272
34576
40272
38512
34576
38352
40032
40192
46320
46320
40352
40112
46320
46320
40432
46352
40432
46384
40432
46352
46320
40432
46352
40432
46384
40432
46384
46320
40432
46352
40432
46384
40432
40432
40272
46000
39952
36912
46320
46320
40352
40192
46768
46768
40512
46800
40512
46800
46768
40512
46800
40512
40512
40432
40512
36912
40432
38512
40272
40352
46768
46768
40592
39952
46768
46768
40672
46800
40672
46832
40672
46800
46768
40672
46800
40672
46832
40672
46832
46768
40672
46800
40672
46832
40672
40672
61584
46768
46768
37336
46768
46768
37712
34656
46768
46768
37472
46800
37472
46832
37472
46800
46768
37472
46800
37472
46832
37472
46832
46768
37472
46800
37632
46832
37632
37472
37472
37712
37632
39952
34416
37472
37712
34656
31920
38912
46320
46320
23512
46320
46320
38992
39952
46768
46768
38192
46800
38192
46800
46768
38192
46800
38192
40192
40192
38992
40192
39952
40352
31920
40192
46320
46320
38936
46320
46320
40832
35056
46320
46320
40752
46352
40752
46384
40752
46352
46320
40752
46352
40752
46384
40752
46384
46320
40752
46352
40752
46384
40752
45104
45104
40832
40752
45264
40352
45104
40832
39632
39712
39072
46096
46096
19816
46096
46096
36176
40752
46320
46320
39152
46352
39152
46352
46320
39152
46352
39152
45264
45264
36176
40752
39152
45184
39712
40752
39336
37952
37952
34816
36176
51976
38272
38272
35696
32560
45936
36496
35616
34816
36576
45936
49072
19664
49072
63672
63672
46128
23648
18672
23888
46768
46768
39576
46768
46768
45664
35696
46768
46768
45584
46800
45584
46832
45584
46800
46768
45584
46800
45584
46832
45584
46832
46768
45584
46800
45584
46832
45584
45744
45744
45664
45584
45824
18672
45744
45664
37712
37472
40672
46320
46320
36520
46320
46320
35696
40672
46768
46768
34656
46800
34656
46800
46768
34656
46800
34656
45904
45904
40672
35696
34656
45984
37472
35696
46320
46320
36280
46320
46320
46384
40672
46320
46320
46304
46352
46304
46384
46304
46352
46320
46304
46352
46304
46384
46304
46384
46320
46304
46352
46304
46384
46304
46464
46464
46384
46304
46544
45984
46464
46384
40832
39632
38992
46096
46096
31944
46096
46096
40672
38992
46320
46320
40352
46352
40352
46352
46320
40352
46352
40352
45104
45104
40672
40352
38992
46624
39632
40352
39976
40752
40752
39072
39712
50824
39072
39072
39152
23888
45936
32560
38992
38272
37952
45936
49072
19472
49072
63648
49072
39152
32560
34816
39152
36576
32560
46624
36576
46544
38992
46000
45104
46864
46096
46096
46944
46704
46320
46320
47024
46352
47024
46352
46320
47024
46352
47024
47024
32560
47024
46544
32560
45104
46784
46944
46320
46320
47104
46864
46320
46320
47184
46352
47184
46384
47184
46352
46320
47184
46352
47184
46384
47184
46384
46320
47184
46352
47184
46384
47184
47184
38992
46000
47024
46544
46320
46320
47104
46704
46768
46768
47264
46800
47264
46800
46768
47264
46800
47264
47264
38992
47264
46864
38992
47024
46944
47104
46768
46768
47344
46544
46768
46768
47424
46800
47424
46832
47424
46800
46768
47424
46800
47424
46832
47424
46832
46768
47584
46800
47584
46832
47584
47584
49944
46768
46768
39336
46768
46768
38512
24208
46768
46768
40272
46800
40272
46832
40272
46800
46768
40272
46800
40272
46832
40272
46832
46768
40272
46800
40272
46832
40272
47584
47584
38512
40272
46544
18672
47584
38512
24208
37712
45664
46320
46320
34600
46320
46320
45744
45184
46768
46768
40272
46800
40272
46800
46768
40272
46800
40272
46704
46704
40272
46704
45744
47104
37712
46704
46320
46320
45688
46320
46320
47504
35696
46320
46320
47424
46352
47424
46384
47424
46352
46320
47424
46352
47424
46384
47424
46384
46320
47424
46352
47424
46384
47424
47664
47664
47504
47424
47744
47104
47664
47504
34656
40832
35696
46096
46096
34600
46096
46096
46384
35696
46320
46320
46464
46352
46464
46352
46320
46464
46352
47744
46464
46464
35696
46464
46384
47824
40832
46464
47448
40352
40352
40672
47824
55624
40672
40672
39072
23888
45936
36176
39632
40752
36176
45936
49072
20144
49072
63696
63696
46160
39632
39072
23648
46768
46768
39976
46768
46768
48224
38272
46768
46768
48144
46800
48144
46832
48144
46800
46768
48144
46800
48144
46832
48144
46832
46768
48144
46800
48144
46832
48144
48304
48304
48224
48144
48464
39072
48304
48224
18672
24208
38512
46320
46320
37976
46320
46320
39872
38512
46768
46768
48144
46800
48144
46800
46768
48144
46800
48144
48384
48384
39872
38512
48384
48624
24208
38512
46320
46320
37496
46320
46320
48944
39872
46320
46320
48864
46352
48864
46384
48864
46352
46320
48864
46352
48864
46384
48864
46384
46320
48864
46352
48864
46384
48864
49024
49024
48944
48864
41088
48624
49024
48944
47504
34656
47664
46096
46096
38296
46096
46096
47104
48864
46320
46320
45744
46352
45744
46352
46320
45744
46352
45744
41008
41008
47104
48864
45744
41088
34656
48864
46568
47664
47664
46464
40352
50824
46464
46464
35696
23648
45936
23888
40672
45744
23888
45936
49072
19536
49072
63672
49072
35696
40672
39712
35696
40752
40672
40832
40752
41088
36176
46000
41008
41328
46096
46096
41408
41488
46320
46320
41168
46352
41168
46352
46320
41168
46352
41168
41168
40672
41168
41088
40672
41008
41248
41408
46320
46320
41568
41328
46320
46320
41648
46352
41648
46384
41648
46352
46320
41648
46352
41648
46384
41648
46384
46320
41648
46352
41648
46384
41648
41648
36176
46000
41168
41088
46320
46320
41568
41488
46768
46768
41728
46800
41728
46800
46768
41728
46800
41728
41728
36176
41728
41328
36176
41168
41408
41568
46768
46768
41808
41088
46768
46768
41888
46800
41888
46832
41888
46800
46768
41888
46800
41888
46832
41888
46832
46768
41888
46800
41888
46832
41888
41888
50376
46768
46768
39896
46768
46768
47024
36576
46768
46768
46944
46800
46944
46832
46944
46800
46768
46944
46800
46944
46832
46944
46832
46768
46944
46800
46944
46832
46944
41888
41888
47024
46944
41088
39072
41888
47024
48224
48304
18672
46320
46320
47448
46320
46320
36576
18672
46768
46768
46944
46800
46944
46800
46768
46944
46800
46944
41488
41488
36576
18672
46944
41568
48304
18672
46320
46320
32584
46320
46320
42048
36576
46320
46320
41968
46352
41968
46384
41968
46352
46320
41968
46352
41968
46384
41968
46384
46320
41968
46352
41968
46384
41968
42128
42128
42048
41968
42208
41568
42128
42048
48944
47504
49024
46096
46096
24232
46096
46096
36576
49024
46320
46320
48384
46352
48384
46352
46320
48384
46352
48384
41968
41968
36576
49024
48384
42288
47504
49024
48648
48864
48864
47104
36576
55624
47104
47104
47824
23648
45936
46464
47664
48384
34656
45936
49072
19472
49072
63648
63648
46192
47664
23888
39632
46768
46768
46568
46768
46768
42688
42608
46768
46768
47824
46800
47824
46832
47824
46800
46768
47824
46800
47824
46832
47824
46832
46768
47824
46800
47824
46832
47824
42768
42768
42688
42608
42848
23888
42768
42688
39072
48224
47024
46320
46320
32584
46320
46320
46784
42608
46768
46768
47024
46800
47024
46800
46768
47024
46800
47024
42928
42928
46784
47024
42928
43008
48224
47024
46320
46320
46488
46320
46320
43408
18672
46320
46320
43328
46352
43328
46384
43328
46352
46320
43328
46352
43328
46384
43328
46384
46320
43328
46352
43328
46384
43328
43488
43488
43408
43328
43568
43008
43488
43408
46944
48944
18672
46096
46096
47848
46096
46096
42048
18672
46320
46320
42128
46352
42128
46352
46320
42128
46352
42128
41568
41568
18672
41568
42048
43648
48944
41568
48328
49024
49024
48464
43648
51272
48464
48464
47104
39632
45936
23648
48864
40352
47504
45936
49072
19472
49072
63696
49072
47104
48864
23648
47104
34656
48864
42048
34656
43568
48384
46000
42128
43888
46096
46096
43968
43728
46320
46320
44048
46352
44048
46352
46320
44048
46352
44048
44048
48864
44048
43568
48864
42128
43808
43968
46320
46320
44128
43888
46320
46320
44208
46352
44208
46384
44208
46352
46320
44288
46352
44288
46384
44288
46384
46320
44288
46352
44288
46384
44288
44288
48384
46000
44048
43568
46320
46320
44128
43728
46768
46768
44368
46800
44368
46800
46768
44368
46800
44368
44368
48384
44368
44288
48384
43568
44048
43968
46768
46768
44208
43888
46768
46768
44448
46800
44448
46832
44448
46800
46768
44448
46800
44448
46832
44448
46832
46768
44448
46800
44448
46832
44448
44448
52896
46768
46768
43352
46768
46768
41168
40752
46768
46768
41408
46800
41408
46832
41408
46800
46768
41408
46800
41408
46832
41408
46832
46768
41408
46800
41408
46832
41408
44448
44448
41168
41408
43888
23888
44448
41168
40752
39072
42688
46320
46320
40856
46320
46320
42768
43888
46768
46768
42288
46800
42288
46800
46768
42288
46800
42288
43728
43728
42768
43728
43888
43968
39072
43728
46320
46320
48648
46320
46320
44608
47024
46320
46320
44528
46352
44528
46384
44528
46352
46320
44528
46352
44528
46384
44528
46384
46320
44528
46352
44528
46384
44528
44688
44688
44608
44528
44768
43968
44688
44608
47024
46944
43408
46096
46096
48248
46096
46096
43488
44768
46320
46320
42848
46352
42848
46352
46320
42848
46352
42848
42928
42928
43488
42928
44768
44848
46944
42928
43432
43488
43488
18672
44768
52232
18672
18672
36576
39632
45936
48464
44848
43648
48464
45936
49072
19728
49072
63672
63672
46224
47504
36576
47664
46768
46768
48328
46768
46768
49440
40352
46768
46768
49360
46800
49360
46832
49360
46800
46768
49360
46800
49360
46832
49360
46832
46768
49360
46800
49360
46832
49360
49520
49520
49440
49360
49600
36576
49520
49440
41168
44448
41248
46320
46320
42712
46320
46320
40352
41248
46768
46768
23888
46800
23888
46800
46768
23888
46800
23888
49680
49680
40352
41248
49680
49760
44448
41248
46320
46320
44552
46320
46320
50160
43728
46320
46320
50080
46352
50080
46384
50080
46352
46320
50080
46352
50080
46384
50080
46384
46320
50080
46352
50080
46384
50080
50240
50240
50160
50080
50320
49760
50240
50160
44608
47024
42768
46096
46096
39096
46096
46096
43888
42768
46320
46320
43728
46352
43728
46352
46320
43728
46352
43728
50080
50080
43888
42768
43728
50400
47024
42768
43992
44688
44688
42928
48944
52104
42928
42928
43728
47664
45936
39632
43488
18672
49024
45936
49072
19568
49072
63648
49072
43728
43488
39632
43728
48464
48464
46944
43488
50400
43648
46000
50080
50640
46096
46096
50720
50480
46320
46320
50800
46352
50800
46352
46320
50800
46352
50800
50800
48464
50800
50400
48464
50080
50560
50720
46320
46320
50880
50640
46320
46320
50960
46352
50960
46384
50960
46352
46320
50960
46352
50960
46384
50960
46384
46320
50960
46352
50960
46384
50960
50960
43648
46000
50800
50400
46320
46320
50880
50480
46768
46768
51040
46800
51040
46800
46768
51040
46800
51040
51040
43648
51040
50640
43648
50800
50720
50880
46768
46768
51120
50400
46768
46768
51200
46800
51200
46832
51200
46800
46768
51200
46800
51200
46832
51200
46832
46768
51200
46800
51200
46832
51200
51200
26088
46768
46768
50344
46768
46768
34656
23648
46768
46768
43568
46800
43568
46832
43568
46800
46768
43568
46800
43568
46832
43568
46832
46768
43568
46800
43568
46832
43568
51200
51200
23648
43568
50400
36576
51200
23648
34656
41168
49440
46320
46320
48408
46320
46320
49520
49200
46768
46768
43568
46800
43568
46800
46768
43568
46800
43568
50480
50480
43568
50480
49520
50880
41168
50480
46320
46320
47128
46320
46320
51360
43568
46320
46320
51280
46352
51280
46384
51280
46352
46320
51280
46352
51280
46384
51280
46384
46320
51280
46352
51280
46384
51280
51440
51440
51360
51280
51520
50880
51440
51360
43568
44608
50160
46096
46096
49464
46096
46096
50240
50160
46320
46320
49600
46352
49600
46352
46320
49600
46352
49600
49680
49680
50240
49680
50160
51600
44608
49680
51304
47024
47024
43888
50160
54152
43888
43888
44768
47664
45936
42928
51600
44688
42928
45936
49072
19728
49072
63696
63696
46256
49024
44768
47504
46768
46768
43992
46768
46768
52000
18672
46768
46768
51920
46800
51920
46832
51920
46800
46768
51920
46800
51920
46832
51920
46832
46768
51920
46800
51920
46832
51920
52080
52080
52000
51920
52160
44768
52080
52000
23648
42048
34656
46320
46320
44472
46320
46320
36576
51920
46768
46768
34656
46800
34656
46800
46768
34656
46800
34656
52240
52240
36576
34656
52240
52320
42048
34656
46320
46320
50264
46320
46320
52720
36576
46320
46320
52640
46352
52640
46384
52640
46352
46320
52640
46352
52640
46384
52640
46384
46320
52640
46352
52640
46384
52640
52800
52800
52720
52640
52880
52320
52800
52720
36576
43568
51360
46096
46096
41192
46096
46096
51440
52880
46320
46320
50400
46352
50400
46352
46320
50400
46352
50400
49520
49520
51440
49520
52880
52960
43568
49520
18696
51440
51440
42768
52880
55624
42768
42768
48944
47504
45936
47664
50160
43888
47664
45936
49072
19536
49072
63672
49072
48944
42928
52960
48944
50160
50160
52640
42928
49680
44688
46000
50400
53040
46096
46096
53376
53296
46320
46320
53456
46352
53456
46352
46320
53456
46352
53456
53456
49680
53456
53040
49680
53120
44688
53376
46320
46320
53536
50400
46320
46320
53616
46352
53616
46384
53616
46352
46320
53616
46352
53616
46384
53616
46384
46320
53616
46352
53616
46384
53616
53616
53040
46000
50160
53376
46320
46320
53536
53456
46768
46768
53696
46800
53696
46800
46768
53696
46800
53696
53696
50400
53696
53040
50400
53376
53296
53536
46768
46768
53776
53616
46768
46768
53856
46800
53856
46832
53856
46800
46768
53856
46800
53856
46832
53856
46832
46768
53856
46800
53856
46832
53856
53856
52896
46768
46768
50904
46768
46768
50800
39632
46768
46768
50720
46800
50720
46832
50720
46800
46768
50720
46800
50720
46832
50720
46832
46768
50720
46800
50720
46832
50720
53040
53040
50800
50720
53856
44768
53040
50800
39632
23648
52000
46320
46320
51384
46320
46320
51600
50720
46768
46768
50160
46800
50160
46800
46768
50160
46800
50160
53616
53616
51600
50720
50160
53456
23648
50720
46320
46320
48488
46320
46320
54016
51600
46320
46320
53936
46352
53936
46384
53936
46352
46320
53936
46352
53936
46384
53936
46384
46320
53936
46352
53936
46384
53936
54096
54096
54016
53936
54176
53456
54096
54016
52720
36576
52800
46096
46096
52104
46096
46096
52240
52800
46320
46320
51600
46352
51600
46352
46320
51600
46352
51600
53936
53936
52240
52800
51600
54256
36576
52800
52344
52160
52160
49520
44608
53128
49520
49520
51600
47504
45936
47024
42768
51440
43568
45936
49072
19472
49072
63648
63648
46288
43888
42768
51600
46768
46768
34680
46768
46768
54656
49024
46768
46768
54576
46800
54576
46832
54576
46800
46768
54576
46800
54576
46832
54576
46832
46768
54576
46800
54576
46832
54576
54736
54736
54656
54576
54816
42768
54736
54656
50800
39632
53040
46320
46320
47048
46320
46320
49024
53040
46768
46768
50560
46800
50560
46800
46768
50560
46800
50560
54896
54896
49024
53040
54896
54976
39632
53040
46320
46320
18696
46320
46320
55376
49024
46320
46320
55296
46352
55296
46384
55296
46352
46320
55296
46352
55296
46384
55296
46384
46320
55296
46352
55296
46384
55296
55456
55456
55376
55296
55536
54976
55456
55376
50160
52720
49024
46096
46096
50744
46096
46096
54016
49024
46320
46320
54096
46352
54096
46352
46320
54096
46352
54096
53456
53456
49024
53456
54016
55616
52720
53456
55320
49024
49024
52240
55616
54152
52240
52240
52880
51600
45936
47504
52160
49520
36576
45936
49072
20048
49072
63696
49072
52880
52160
47504
52880
43568
52160
54016
43568
55536
51440
46000
54096
55856
46096
46096
55936
55696
46320
46320
56016
46352
56016
46352
46320
56016
46352
56016
56016
52160
56016
55536
52160
54096
55936
55776
46320
46320
56096
55856
46320
46320
56176
46352
56176
46384
56176
46352
46320
56176
46352
56176
46384
56176
46384
46320
56176
46352
56176
46384
56176
56176
51440
46000
56016
55536
46320
46320
56096
55696
46768
46768
56256
46800
56256
46800
46768
56256
46800
56256
56256
51440
56256
55856
51440
56016
55776
56096
46768
46768
56336
55536
46768
46768
56416
46800
56416
46832
56416
46800
46768
56416
46800
56416
46832
56416
46832
46768
56416
46800
56416
46832
56416
56416
26088
46768
46768
44792
46768
46768
53376
48944
46768
46768
52960
46800
52960
46832
52960
46800
46768
52960
46800
52960
46832
52960
46832
46768
52960
46800
52960
46832
52960
56416
56416
52960
53376
55536
42768
56416
52960
48944
50800
54656
46320
46320
44712
46320
46320
54736
54656
46768
46768
54256
46800
54256
46800
46768
54256
46800
54256
55696
55696
54736
55696
54656
56096
50800
55696
46320
46320
53400
46320
46320
56576
53040
46320
46320
56496
46352
56496
46384
56496
46352
46320
56496
46352
56496
46384
56496
46384
46320
56496
46352
56496
46384
56496
56656
56656
56576
56496
56736
56096
56656
56576
53040
50160
55376
46096
46096
52344
46096
46096
55456
55376
46320
46320
54816
46352
54816
46352
46320
54816
46352
54816
54896
54896
55456
54896
55376
56816
50160
54896
56520
55456
55456
52800
55376
44872
52800
52800
44608
51600
45936
52240
56816
55616
52240
45936
49072
19760
49072
63672
63672
46320
36576
44608
43888
46768
46768
55320
46768
46768
57216
49520
46768
46768
57136
46800
57136
46832
57136
46800
46768
57136
46800
57136
46832
57136
46832
46768
57136
46800
57136
46832
57136
57392
57392
57216
57136
57472
44608
57392
57216
56416
48944
53296
46320
46320
56760
46320
46320
53296
57136
46768
46768
49520
46800
49520
46800
46768
49520
46800
49520
57552
57552
53296
57136
49520
57712
48944
57136
46320
46320
39656
46320
46320
58032
53296
46320
46320
57952
46352
57952
46384
57952
46352
46320
57952
46352
57952
46384
57952
46384
46320
57952
46352
57952
46384
57952
58112
58112
58032
57952
58192
57712
58112
58032
56576
53040
56656
46096
46096
52984
46096
46096
54656
56656
46320
46320
53296
46352
53296
46352
46320
53296
46352
53296
57952
57952
54656
56656
53296
58272
53040
56656
42792
54736
54736
54896
52720
48072
54896
54896
53296
43888
45936
49024
51600
55456
49024
45936
49072
19760
49072
63648
49072
53296
51600
52800
53296
52240
51600
50160
58272
52240
55616
46000
57952
58512
46096
46096
58592
58352
46320
46320
58672
46352
58672
46352
46320
58672
46352
58672
58672
52240
58672
55616
52240
57952
58432
58592
46320
46320
58752
58512
46320
46320
58832
46352
58832
46384
58832
46352
46320
58832
46352
58832
46384
58832
46384
46320
58832
46352
58832
46384
58832
58832
55616
46000
51600
58592
46320
46320
58752
58672
46768
46768
58912
46800
58912
46800
46768
58912
46800
58912
58912
51600
58912
58832
51600
58592
58352
58752
46768
46768
58992
58512
46768
46768
59072
46800
59072
46832
59072
46800
46768
59072
46800
59072
46832
59072
46832
46768
59072
46800
59072
46832
59072
59072
50376
46768
46768
56120
46768
46768
56016
43568
46768
46768
55776
46800
55776
46832
55776
46800
46768
55776
46800
55776
46832
55776
46832
46768
55776
46800
55776
46832
55776
55616
55616
56016
55776
59072
44608
55616
56016
57216
56416
56816
46320
46320
58216
46320
46320
56816
55776
46768
46768
57392
46800
57392
46800
46768
57392
46800
57392
58912
58912
56816
55776
57392
58912
56416
55776
46320
46320
43592
46320
46320
59232
56816
46320
46320
59152
46352
59152
46384
59152
46352
46320
59152
46352
59152
46384
59152
46384
46320
59152
46352
59152
46384
59152
59312
59312
59232
59152
59392
58912
59312
59232
49520
56576
56816
46096
46096
47528
46096
46096
58032
56816
46320
46320
58112
46352
58112
46352
46320
58112
46352
58112
57712
57712
56816
57712
58032
59552
56576
57712
48968
56656
56656
54656
59552
55240
54656
54656
55376
43888
45936
54896
53040
52720
54896
45936
49072
19600
49072
63696
63696
46352
53040
55376
36576
46768
46768
59176
46768
46768
59872
55456
46768
46768
59792
46800
59792
46832
59792
46800
46768
59792
46800
59792
46832
59792
46832
46768
59792
46800
59792
46832
59792
59952
59952
59872
59792
60032
55376
59952
59872
44608
57216
55616
46320
46320
42792
46320
46320
55456
55616
46768
46768
56016
46800
56016
46800
46768
56016
46800
56016
60112
60112
55456
55616
56016
60192
57216
55616
46320
46320
49048
46320
46320
60592
55456
46320
46320
60512
46352
60512
46384
60512
46352
46320
60512
46352
60512
46384
60512
46384
46320
60512
46352
60512
46384
60512
60672
60672
60592
60512
60752
60192
60672
60592
55456
49520
59232
46096
46096
55960
46096
46096
59312
59232
46320
46320
59072
46352
59072
46352
46320
59072
46352
59072
57392
57392
59312
57392
59232
60832
49520
57392
60536
59312
59312
56816
59232
44872
56816
56816
54736
36576
45936
43888
59552
54656
43888
45936
49072
19760
49072
63672
49072
52720
54896
60832
52720
59552
59552
60752
54896
57712
54736
46000
59072
61072
46096
46096
61152
60912
46320
46320
61232
46352
61232
46352
46320
61232
46352
61232
61232
54736
61232
59552
54736
59072
60992
61152
46320
46320
61312
61072
46320
46320
61488
46352
61488
46384
61488
46352
46320
24624
46352
24624
46384
24624
46384
46320
24624
46352
24624
46384
24624
24624
61232
46000
60912
57712
46320
46320
61312
61152
46768
46768
24704
46800
24704
46800
46768
24704
46800
24704
24704
61072
24704
60912
61072
61232
61312
24624
46768
46768
24784
59552
46768
46768
24864
46800
24864
46832
24864
46800
46768
24864
46800
24864
46832
24864
46832
46768
24864
46800
24864
46832
24864
24864
61584
46768
46768
56440
46768
46768
58592
53296
46768
46768
58352
46800
58352
46832
58352
46800
46768
58352
46800
58352
46832
58352
46832
46768
58352
46800
58352
46832
58352
59552
59552
58592
58352
61152
55376
59552
58592
53296
44608
59872
46320
46320
50184
46320
46320
59952
61152
46768
46768
58032
46800
58032
46800
46768
58032
46800
58032
57712
57712
59952
57712
61152
24864
44608
57712
46320
46320
59896
46320
46320
25024
24944
46320
46320
55616
46352
55616
46384
55616
46352
46320
55616
46352
55616
46384
55616
46384
46320
55616
46352
55616
46384
55616
25104
25104
25024
24944
25184
24864
25104
25024
60592
60672
60192
46096
46096
48968
46096
46096
56016
60192
46320
46320
55616
46352
55616
46352
46320
55616
46352
55616
24944
24944
60192
56016
55616
25264
60672
56016
60056
60192
60192
59312
57392
54152
59312
59312
56656
36576
45936
56816
56576
55616
49520
45936
49072
20144
49072
63648
63648
46384
56576
43888
53040
46768
46768
60536
46768
46768
25664
56656
46768
46768
25584
46800
25584
46832
25584
46800
46768
25584
46800
25584
46832
25584
46832
46768
25584
46800
25584
46832
25584
25744
25744
25664
25584
25824
43888
25744
25664
58592
59552
58432
46320
46320
56840
46320
46320
56656
53296
46768
46768
58432
46800
58432
46800
46768
58432
46800
58432
25904
25904
56656
53296
58432
25984
59552
53296
46320
46320
57240
46320
46320
26384
56656
46320
46320
26304
46352
26304
46384
26304
46352
46320
26304
46352
26304
46384
26304
46384
46320
26304
46352
25824
46384
25824
26304
26304
26384
25824
26544
25984
26304
26384
61152
60592
56656
46096
46096
55400
46096
46096
25024
56656
46320
46320
26544
46352
26544
46352
46320
26544
46352
26544
25104
25104
56656
25104
25024
26624
60592
25104
25848
56016
56016
60192
26624
53128
60192
60192
59232
53040
45936
36576
57392
59312
60672
45936
49072
19536
49072
63696
49072
55616
57392
36576
55616
49520
57392
25024
49520
24864
59232
46000
26544
26864
46096
46096
26944
26704
46320
46320
27024
46352
27024
46352
46320
27024
46352
27024
27024
57392
27024
24864
57392
26544
26784
26944
46320
46320
27104
26864
46320
46320
27184
46352
27184
46384
27264
46352
46320
27264
46352
27264
46384
27264
46384
46320
27264
46352
27264
46384
27264
27264
59232
46000
27024
24864
46320
46320
27104
26704
46768
46768
27344
46800
27344
46800
46768
27344
46800
27344
27344
59232
27344
26864
59232
27024
26944
27104
46768
46768
27184
24864
46768
46768
27424
46800
27424
46832
27424
46800
46768
27424
46800
27424
46832
27424
46832
46768
27424
46800
27424
46832
27424
27424
36296
46768
46768
44632
46768
46768
61232
52720
46768
46768
61312
46800
61312
46832
61312
46800
46768
61312
46800
61312
46832
61312
46832
46768
61312
46800
61312
46832
61312
27424
27424
61232
61312
24864
43888
27424
61232
52720
58592
25664
46320
46320
54760
46320
46320
25744
61312
46768
46768
25264
46800
25264
46800
46768
25264
46800
25264
26704
26704
61312
26704
25744
27104
58592
26704
46320
46320
25688
46320
46320
27584
53296
46320
46320
27504
46352
27504
46384
27504
46352
46320
27504
46352
27504
46384
27504
46384
46320
27504
46352
27504
46384
27504
27664
27664
27584
27504
27744
27104
27664
27584
58432
61152
53296
46096
46096
59576
46096
46096
26384
53296
46320
46320
26304
46352
26304
46352
46320
26304
46352
26304
25984
25984
53296
25984
26384
27824
61152
25984
27528
53296
53296
56656
26384
55560
56656
56656
55456
53040
45936
60192
27824
26624
60192
45936
49072
19632
49072
63672
63672
46416
60672
55456
56576
46768
46768
25848
46768
46768
28224
59312
46768
46768
28144
46800
28144
46832
28144
46800
46768
28144
46800
28144
46832
28144
46832
46768
28144
46800
28144
46832
28144
28304
28304
28224
28144
28384
55456
28304
28224
43888
52720
61232
46320
46320
27768
46320
46320
60832
28144
46768
46768
61232
46800
61232
46800
46768
61232
46800
61232
28464
28464
60832
61232
28464
28544
52720
61232
46320
46320
44632
46320
46320
61808
60832
46320
46320
61728
46352
61728
46384
61728
46352
46320
61728
46352
61728
46384
61728
46384
46320
61728
46352
61728
46384
61728
61888
61888
61808
61728
61968
28544
61888
61808
27584
27664
24864
46096
46096
59336
46096
46096
27104
24864
46320
46320
60832
46352
60832
46352
46320
60832
46352
60832
61728
61728
27104
24864
60832
62048
27664
24864
58616
25984
25984
60592
58432
55240
53296
53296
56016
56576
45936
53040
60592
56656
53040
45936
49072
19568
49072
63648
49072
56016
60592
60832
56016
60192
60592
61152
60192
62048
26624
46000
61728
62288
46096
46096
62368
62128
46320
46320
62448
46352
62448
46352
46320
62448
46352
62448
62448
60592
62448
62048
60592
61728
62208
62368
46320
46320
62528
62288
46320
46320
62608
46352
62608
46384
62608
46352
46320
62608
46352
62608
46384
62608
46384
46320
62608
46352
62608
46384
62608
62608
26624
46000
62448
62048
46320
46320
62528
62128
46768
46768
62688
46800
62688
46800
46768
62688
46800
62688
62688
26624
62688
62288
26624
62448
62368
62528
46768
46768
62768
62048
46768
46768
62848
46800
62848
46832
62848
46800
46768
62848
46800
62848
46832
62848
46832
46768
62848
46800
62848
46832
62848
62848
50160
46768
46768
25768
46768
46768
27024
36576
46768
46768
26944
46800
26944
46832
26944
46800
46768
26944
46800
26944
46832
26944
46832
46768
26944
46800
26944
46832
26944
62848
62848
27024
26944
62048
55456
62848
27024
28224
43888
28304
46320
46320
49544
46320
46320
36576
28304
46768
46768
26944
46800
26944
46800
46768
26944
46800
26944
62128
62128
36576
28304
26944
62528
43888
28304
46320
46320
25768
46320
46320
63008
36576
46320
46320
62928
46352
62928
46384
62928
46352
46320
62928
46352
62928
46384
62928
46384
46320
62928
46352
62928
46384
62928
63088
63088
63008
62928
63168
62528
63088
63008
28544
27584
28464
46096
46096
52744
46096
46096
62928
28464
46320
46320
61808
46352
61808
46352
46320
63168
46352
63168
61808
61808
28464
61808
62928
63248
27584
61808
36600
24864
24864
27104
63248
55560
27104
27104
26384
56576
45936
53296
27664
25984
53296
45936
49072
20144
49072
63696
63696
46448
27664
56656
60672
46768
46768
58616
46768
46768
63648
26384
46768
46768
63568
46800
63568
46832
63568
46800
46768
63568
46800
63568
46832
63568
46832
46768
63568
46800
63568
46832
63568
63728
63728
63648
63568
63808
56656
63728
63648
55456
28224
27024
46320
46320
27848
46320
46320
26784
27024
46768
46768
63568
46800
63568
46800
46768
63568
46800
63568
63888
63888
26784
27024
63888
63968
28224
27024
46320
46320
26408
46320
46320
64368
26784
46320
46320
64288
46352
64288
46384
64288
46352
46320
64288
46352
64288
46384
64288
46384
46320
64288
46352
64288
46384
64288
64448
64448
64288
64368
64528
63968
64448
64288
26944
28544
26784
46096
46096
43912
46096
46096
63008
26784
46320
46320
63088
46352
63088
46352
46320
63088
46352
63088
62528
62528
26784
62528
63008
64688
28544
62528
53064
27584
27584
28464
63008
55304
28464
28464
58432
60672
45936
56576
63248
27104
56576
45936
49072
19696
49072
63672
49072
58432
53296
64688
58432
63248
63248
64528
53296
61808
25984
46000
63088
64848
46096
46096
64928
64608
46320
46320
65008
46352
65008
46352
46320
65008
46352
65008
65008
25984
65008
63248
25984
63088
64928
64768
46320
46320
65088
64848
46320
46320
65168
46352
65168
46384
65168
46352
46320
65168
46352
65168
46384
65168
46384
46320
65168
46352
65168
46384
65248
65248
65008
46000
64608
61808
46320
46320
65088
64768
46768
46768
65328
46800
65328
46800
46768
65328
46800
65328
65328
65248
65328
61808
65248
63248
65008
65088
46768
46768
65168
64608
46768
46768
65408
46800
65408
46832
65408
46800
46768
65408
46800
65408
46832
65408
46832
46768
65408
46800
65408
46832
65408
65408
50448
46768
46768
64392
46768
46768
62448
56016
46768
46768
62368
46800
62368
46832
62368
46800
46768
62368
46800
62368
46832
62368
46832
46768
62368
46800
62368
46832
62368
65408
65408
62448
62368
64608
56656
65408
62448
56016
55456
63648
46320
46320
60216
46320
46320
63728
63648
46768
46768
62928
46800
62928
46800
46768
62928
46800
62928
64768
64768
63728
64768
63648
65088
55456
64768
46320
46320
62392
46320
46320
128
27024
46320
46320
63728
46352
63728
46384
63728
46352
46320
63728
46352
63728
46384
63728
46384
46320
63728
46352
63728
46384
63728
208
208
63728
128
288
65088
208
63728
64288
63808
64448
46096
46096
28248
46096
46096
63968
64448
46320
46320
27024
46352
27024
46352
46320
27024
46352
27024
128
128
63968
64448
27024
368
63808
64448
63912
62528
62528
26784
26944
55624
26784
26784
24864
60672
45936
28464
27584
27024
28544
45936
49072
20144
49072
63648
63648
46480
27584
27664
56576
46768
46768
53064
46768
46768
768
24864
46768
46768
688
46800
688
46832
688
46800
46768
688
46800
688
46832
688
46832
46768
688
46800
688
46832
688
848
848
768
688
928
27664
848
768
62448
65408
62208
46320
46320
36600
46320
46320
24864
62208
46768
46768
56016
46800
56016
46800
46768
56016
46800
56016
1008
1008
24864
62208
56016
1088
65408
62208
46320
46320
56680
46320
46320
1488
24864
46320
46320
1408
46352
1408
46384
1408
46352
46320
1408
46352
1408
46384
1408
46384
46320
1408
46352
1408
46384
1408
1408
1408
1488
928
1648
1088
1408
1488
63728
64288
65088
46096
46096
55480
46096
46096
63648
65088
46320
46320
928
46352
928
46352
46320
928
46352
928
48
48
63648
65088
48
1728
64288
65088
28488
64448
64448
63968
1728
55240
63968
63968
63008
56576
45936
60672
62528
26784
63808
45936
49072
19696
49072
63696
49072
63008
60672
27024
63008
28544
60672
48
28544
1648
62528
46000
928
1968
46096
46096
2048
1808
46320
46320
2128
46352
2128
46352
46320
2128
46352
2208
2208
60672
2208
1648
60672
928
1888
2048
46320
46320
2288
1968
46320
46320
2128
46352
2128
46384
2128
46352
46320
2128
46352
2128
46384
2368
46384
46320
2368
46352
2368
46384
2368
2368
62528
46000
2208
1648
46320
46320
2288
1808
46768
46768
2448
46800
2448
46800
46768
2448
46800
2448
2448
62528
2448
1968
1648
2208
2048
2288
46768
46768
2128
62528
46768
46768
2528
46800
2528
46832
2528
46800
46768
2528
46800
2528
46832
2528
46832
46768
2528
46800
2528
46832
2528
2528
26088
46768
46768
232
46768
46768
63248
53296
46768
46768
65008
46800
65008
46832
65008
46800
46768
65008
46800
65008
46832
65008
46832
46768
65008
46800
65008
46832
65008
62528
62528
63248
65008
2528
27664
62528
63248
53296
62448
848
46320
46320
26008
46320
46320
768
65008
46768
46768
368
46800
368
46800
46768
368
46800
368
368
368
65008
368
768
2288
62448
368
46320
46320
872
46320
46320
2688
65008
46320
46320
2608
46352
2608
46384
2608
46352
46320
2608
46352
2608
46384
2608
46384
46320
2608
46352
2608
46384
2608
2768
2768
2688
2608
2848
2288
2768
2688
56016
63728
65008
46096
46096
65432
46096
46096
1488
65008
46320
46320
1408
46352
1408
46352
46320
1408
46352
1408
1088
1088
65008
1088
1488
2928
63728
1088
2632
65088
65088
63648
2928
53512
63648
63648
63968
56576
45936
26944
1728
64288
26944
45936
49072
19568
49072
63672
63672
46512
63808
26784
27584
46768
46768
24888
46768
46768
3328
63968
46768
46768
3248
46800
3248
46832
3248
46800
46768
3248
46800
3248
46832
3248
46832
46768
3248
46800
3248
46832
3248
3408
3408
3328
3248
3488
26784
3408
3328
27664
53296
63248
46320
46320
28488
46320
46320
63968
63248
46768
46768
62528
46800
62528
46800
46768
62528
46800
62528
3568
3568
63968
63248
62528
3648
53296
63248
46320
46320
64712
46320
46320
8240
63968
46320
46320
3968
46352
3968
46384
3968
46352
46320
3968
46352
3968
46384
3968
46384
46320
3968
46352
3968
46384
3968
8320
8320
3968
8240
8400
3648
8320
3968
2688
56016
2768
46096
46096
62472
46096
46096
63968
2768
46320
46320
768
46352
768
46352
46320
768
46352
768
8240
8240
63968
2768
768
8480
56016
2768
2312
1088
1088
65008
63968
49544
768
768
64448
27584
45936
56576
65008
63648
65088
45936
49072
19536
49072
63648
49072
26944
64448
65008
26944
64288
64448
63728
64288
8480
56576
46000
8240
8720
46096
46096
8800
8560
46320
46320
8880
46352
8880
46352
46320
8880
46352
8880
8880
64448
8880
8480
64448
8240
8640
8800
46320
46320
8960
8720
46320
46320
9040
46352
9040
46384
9040
46352
46320
9040
46352
9040
46384
9040
46384
46320
9040
46352
9040
46384
9040
9040
56576
46000
8880
8480
46320
46320
8960
8560
46768
46768
9120
46800
9120
46800
46768
9120
46800
9120
9120
56576
9120
8720
56576
8880
8800
8960
46768
46768
9200
8480
46768
46768
9280
46800
9280
46832
9280
46800
46768
9280
46800
9280
46832
9280
46832
46768
9280
46800
9280
46832
9280
9280
50160
46768
46768
1512
46768
46768
2208
63008
46768
46768
2048
46800
2048
46832
2048
46800
46768
2048
46800
2048
46832
2048
46832
46768
2048
46800
2048
46832
2048
9280
9280
2208
2048
8480
26784
9280
2208
3328
27664
3408
46320
46320
28568
46320
46320
63008
3408
46768
46768
2048
46800
2048
46800
46768
2048
46800
2048
8560
8560
63008
3408
2048
8960
27664
3408
46320
46320
2632
46320
46320
9440
63008
46320
46320
9360
46352
9360
46384
9360
46352
46320
9360
46352
9360
46384
9360
46384
46320
9360
46352
9360
46384
9360
9520
9520
9440
9360
9600
8960
9520
9440
3968
2688
3488
46096
46096
53320
46096
46096
63008
3488
46320
46320
3648
46352
3648
46352
46320
3648
46352
3648
8320
8320
63008
3488
3648
9680
2688
3488
62552
2768
2768
1808
56016
50824
1808
1808
2928
27584
45936
768
1088
3648
768
45936
49072
19600
49072
63696
63696
46544
1088
63808
2928
46768
46768
2312
46768
46768
10080
63648
46768
46768
10000
46800
10000
46832
10000
46800
46768
10000
46800
10000
46832
10000
46832
46768
10000
46800
10000
46832
10000
10000
10000
10080
9680
10240
63808
10000
10080
2208
3328
48
46320
46320
2632
46320
46320
26784
9680
46768
46768
48
46800
48
46800
46768
48
46800
48
10320
10320
26784
48
10320
10400
3328
48
46320
46320
63672
46320
46320
10800
3408
46320
46320
10720
46352
10720
46384
10720
46352
46320
10720
46352
10720
46384
10720
46384
46320
10720
46352
10720
46384
10720
10880
10880
10800
10720
10960
10400
10880
10800
2048
3968
3408
46096
46096
27688
46096
46096
9440
9520
46320
46320
3408
46352
3408
46352
46320
3408
46352
3408
8960
8960
3408
8960
9440
11040
3968
8960
10744
3488
3488
2768
11040
54152
63008
63008
1808
2928
45936
27584
2768
63968
2688
45936
49072
19632
49072
63672
49072
1808
3648
2768
1808
768
3648
9440
768
10960
27584
46000
9520
11280
46096
46096
11360
11120
46320
46320
11440
46352
11440
46352
46320
11440
46352
11440
11520
3648
11520
10960
3648
9520
11200
11440
46320
46320
11360
11280
46320
46320
11600
46352
11600
46384
11600
46352
46320
11600
46352
11600
46384
11600
46384
46320
11600
46352
11600
46384
11600
11600
27584
46000
11520
10960
46320
46320
11360
11120
46768
46768
11680
46800
11680
46800
46768
11680
46800
11680
11760
27584
11760
11280
27584
11520
11440
11680
46768
46768
11360
10960
46768
46768
11840
46800
11840
46832
11840
46800
46768
11840
46800
11840
46832
11840
46832
46768
11840
46800
11840
46832
11840
11840
20552
46768
46768
65112
46768
46768
8880
26944
46768
46768
8800
46800
8800
46832
8800
46800
46768
8800
46800
8800
46832
8640
46832
46768
8640
46800
8640
46832
8640
8800
8800
8880
8640
10960
63808
8800
8880
26944
2208
10080
46320
46320
64312
46320
46320
10000
10960
46768
46768
10160
46800
10160
46800
46768
10160
46800
10160
11120
11120
10000
11120
10960
11680
2208
11120
46320
46320
10104
46320
46320
12000
11920
46320
46320
48
46352
48
46384
48
46352
46320
48
46352
48
46384
48
46384
46320
48
46352
48
46384
48
12080
12080
12000
11920
12160
11680
12080
12000
10800
10880
10240
46096
46096
8504
46096
46096
10400
12160
46320
46320
10320
46352
10320
46352
46320
10320
46352
10320
48
48
10400
48
12160
12336
10880
48
10264
10400
10400
3408
11920
53512
3408
3408
56016
2928
45936
63008
12160
11040
63008
45936
49072
19632
49072
63648
63648
46576
2688
56016
1088
46768
46768
10744
46768
46768
12736
12656
46768
46768
63968
46800
63968
46832
63968
46800
46768
63968
46800
63968
46832
63968
46832
46768
63968
46800
63968
46832
63968
12816
12816
12736
12656
12896
56016
12816
12736
8880
26944
8800
46320
46320
8504
46320
46320
63968
8800
46768
46768
11840
46800
11840
46800
46768
11840
46800
11840
12976
12976
63968
8800
11840
13056
26944
8800
46320
46320
8984
46320
46320
13456
63968
46320
46320
13376
46352
13376
46384
13376
46352
46320
13376
46352
13376
46384
13376
46384
46320
13376
46352
13376
46384
13376
13536
13536
13456
13376
13616
13056
13536
13456
12000
10800
12080
46096
46096
63832
46096
46096
63968
12080
46320
46320
10960
46352
10960
46352
46320
10960
46352
10960
13376
13376
63968
12080
10960
13696
10800
12080
11704
48
48
10400
10000
55240
10400
10400
3488
1088
45936
2928
11920
3408
2928
45936
49072
19632
49072
63696
49072
3488
11920
10960
3488
11040
11920
10880
11040
13696
63008
46000
13376
13936
46096
46096
14016
13776
46320
46320
14096
46352
14096
46352
46320
14096
46352
14096
14096
11920
14096
13696
11920
13376
13856
14016
46320
46320
14176
14256
46320
46320
13936
46352
13936
46384
13936
46352
46320
13936
46352
13936
46384
13936
46384
46320
13936
46352
13936
46384
13936
13936
63008
46000
14096
13696
46320
46320
14176
13776
46768
46768
14336
46800
14336
46800
46768
14336
46800
14336
14336
63008
14336
14256
63008
14096
14016
14176
46768
46768
14416
13696
46768
46768
14496
46800
14496
46832
14496
46800
46768
14496
46800
14496
46832
14496
46832
46768
14496
46800
14496
46832
14496
14496
27384
46768
46768
2232
46768
46768
11520
27584
46768
46768
11440
46800
11440
46832
11440
46800
46768
11440
46800
11440
46832
11440
46832
46768
11440
46800
11440
46832
11440
14496
14496
11520
11440
13696
56016
14496
11520
27584
8880
12736
46320
46320
3672
46320
46320
12816
11440
46768
46768
12336
46800
12336
46800
46768
12336
46800
12336
13776
13776
11440
13776
12816
14176
8880
13776
46320
46320
13720
46320
46320
14656
14576
46320
46320
11440
46352
11440
46384
11440
46352
46320
11440
46352
11440
46384
11440
46384
46320
11440
46352
11440
46384
11440
14736
14736
14656
14576
14816
14176
14736
14656
11840
12000
11440
46096
46096
26968
46096
46096
13456
11440
46320
46320
13536
46352
13536
46352
46320
13536
46352
13536
13056
13056
11440
13056
13456
14896
12000
13056
14600
12080
12080
63968
14896
54152
63968
63968
10400
1088
45936
3968
10800
10000
3968
45936
49072
19728
49072
63672
63672
46608
10800
2688
10400
46768
46768
11704
46768
46768
15296
3408
46768
46768
15216
46800
15216
46832
15216
46800
46768
15216
46800
15216
46832
15216
46832
46768
15216
46800
15216
46832
15216
15376
15376
15296
15216
15456
2688
15376
15296
11520
27584
11200
46320
46320
2952
46320
46320
56016
11200
46768
46768
15216
46800
15216
46800
46768
15216
46800
15216
15536
15536
56016
11200
15536
15616
27584
11200
46320
46320
13720
46320
46320
16016
56016
46320
46320
15936
46352
15936
46384
15936
46352
46320
15936
46352
15936
46384
15936
46384
46320
15936
46352
15936
46384
15936
15936
15936
16016
15456
16176
15616
15936
16016
56016
11840
14656
46096
46096
3432
46096
46096
14736
16176
46320
46320
12736
46352
12736
46352
46320
12736
46352
12736
12816
12816
14736
12816
16176
16256
11840
12816
14680
14736
14736
11440
16176
52232
11440
11440
48
10400
45936
1088
14896
63968
1088
45936
49072
19696
49072
63648
49072
10000
3968
16256
10000
14896
14896
15456
3968
13056
48
46000
12736
4304
46096
46096
4384
4144
46320
46320
4464
46352
4464
46352
46320
4464
46352
4464
4464
13056
4464
12736
13056
4304
4224
4384
46320
46320
4544
48
46320
46320
4624
46352
4624
46384
4624
46352
46320
4624
46352
4624
46384
4624
46384
46320
4624
46352
4624
46384
4624
4624
12736
46000
14896
4384
46320
46320
4544
4464
46768
46768
4704
46800
4704
46800
46768
4704
46800
4704
4704
48
4704
12736
48
4384
4144
4544
46768
46768
4784
4624
46768
46768
4864
46800
4864
46832
4864
46800
46768
4864
46800
4864
46832
4864
46832
46768
4864
46800
4864
46832
4864
4864
49872
46768
46768
8904
46768
46768
14096
3488
46768
46768
14016
46800
14016
46832
14016
46800
46768
14016
46800
14016
46832
14016
46832
46768
14016
46800
14016
46832
14016
12736
12736
14096
14016
14896
2688
12736
14096
15296
11520
3488
46320
46320
11064
46320
46320
13456
3488
46768
46768
15376
46800
15376
46800
46768
15376
46800
15376
4624
4624
3488
13456
15376
4464
11520
13456
46320
46320
14040
46320
46320
5024
3488
46320
46320
4944
46352
4944
46384
4944
46352
46320
4944
46352
4944
46384
4944
